1.000000000000000000e+00 0.000000000000000000e+00 0.000000000000000000e+00 0.000000000000000000e+00 0.000000000000000000e+00 1.000000000000000000e+00 0.000000000000000000e+00 0.000000000000000000e+00 0.000000000000000000e+00 0.000000000000000000e+00 1.000000000000000000e+00 0.000000000000000000e+00 0.000000000000000000e+00 0.000000000000000000e+00 0.000000000000000000e+00 1.000000000000000000e+00 -1.400198973621967546e+00 -1.933886644416804135e+00 -5.955417856823550515e-01 -4.273634348261499127e-01 1.195881489619641247e+00 -8.636185776339289077e-03
9.999485039697959543e-01 2.731375588614135593e-03 -9.773894299223252063e-03 -2.134908593034972723e-03 -2.664166876448291043e-03 9.999727644424589723e-01 6.882776176940608170e-03 5.973593995965524595e-03 9.792427550574576631e-03 -6.856382466480515081e-03 9.999285466268594824e-01 -9.574168942344340018e-05 0.000000000000000000e+00 0.000000000000000000e+00 0.000000000000000000e+00 1.000000000000000000e+00 -1.347465338755903463e+00 -1.979614945394186476e+00 -4.837705602167077235e-01 -4.300941231981533774e-01 1.192594427030162274e+00 -1.725502227636425967e-02
9.997943084388259960e-01 5.249871250627303337e-03 -1.959029567939486044e-02 -4.265999486952583644e-03 -4.983320798883337371e-03 9.998946844923917165e-01 1.363035061784545129e-02 1.193557038557955044e-02 1.965979010456129702e-02 -1.352992225314866154e-02 9.997151763575319317e-01 -3.669015818142784937e-04 0.000000000000000000e+00 0.000000000000000000e+00 0.000000000000000000e+00 1.000000000000000000e+00 -1.336673963099960671e+00 -1.958148455912295471e+00 -4.843263778467051806e-01 -4.331880687012685249e-01 1.189907397160707481e+00 -5.415574188871559447e-02
9.995405288464526139e-01 7.838326802748525265e-03 -2.927954664515057884e-02 -6.392864596324420237e-03 -7.244059751291902563e-03 9.997667232303355522e-01 2.034754875461783699e-02 1.788565706721021928e-02 2.943220714450953471e-02 -2.012609686927356936e-02 9.993641405391732180e-01 -8.812395764119889102e-04 0.000000000000000000e+00 0.000000000000000000e+00 0.000000000000000000e+00 1.000000000000000000e+00 -1.326838856467004391e+00 -1.936262091761101756e+00 -4.862765124988570609e-01 -4.371095464592133495e-01 1.187780432720365376e+00 -9.020196925028059476e-02
9.991901573149593041e-01 1.048937253919835985e-02 -3.884588290980671432e-02 -8.515616940627301901e-03 -9.442306715719515908e-03 9.995897449022884684e-01 2.704042808439735546e-02 2.382395050417730406e-02 3.911358331179583259e-02 -2.665173486332584468e-02 9.988792783021764876e-01 -1.635010226009310985e-03 0.000000000000000000e+00 0.000000000000000000e+00 0.000000000000000000e+00 1.000000000000000000e+00 -1.318995000395283723e+00 -1.916952882736232766e+00 -4.846145661438859831e-01 -4.418333744085614634e-01 1.186201863079354046e+00 -1.257749371720041920e-01
9.987462148698263986e-01 1.319760216718779411e-02 -4.828893886331175195e-02 -1.063427910429209228e-02 -1.157618865705243617e-02 9.993648045333740626e-01 3.370429257038540932e-02 2.975048437396689283e-02 4.870308179194880044e-02 -3.310303277666346716e-02 9.982645937039307249e-01 -2.628260007782245652e-03 0.000000000000000000e+00 0.000000000000000000e+00 0.000000000000000000e+00 1.000000000000000000e+00 -1.307851681502865571e+00 -1.895303486596182863e+00 -4.852167578127068448e-01 -4.473442023741852624e-01 1.185163453909714226e+00 -1.619672547944112639e-01
9.982118517410766279e-01 1.596144644761102876e-02 -5.760495909875871373e-02 -1.274904038177386047e-02 -1.364785621545855192e-02 9.990929856191186342e-01 4.033537069591057456e-02 3.566540906133586902e-02 5.819652142985753951e-02 -3.947706088846027889e-02 9.975242987314441034e-01 -3.857934809635077227e-03 0.000000000000000000e+00 0.000000000000000000e+00 0.000000000000000000e+00 1.000000000000000000e+00 -1.299023491984076850e+00 -1.874838949037827440e+00 -4.837501463924677725e-01 -4.536246202799728566e-01 1.184650845005940312e+00 -1.964235407646014453e-01
9.975898963704097344e-01 1.877590452699696641e-02 -6.679718643692464375e-02 -1.486023282887839747e-02 -1.565533292558514075e-02 9.987751324887191862e-01 4.693767458233166767e-02 4.156897546299245100e-02 6.759666602739498875e-02 -4.577881774561055883e-02 9.966619239215100956e-01 -5.318817856858553718e-03 0.000000000000000000e+00 0.000000000000000000e+00 0.000000000000000000e+00 1.000000000000000000e+00 -1.289997916696266733e+00 -1.854841084567781850e+00 -4.830048499371021320e-01 -4.606497299538411250e-01 1.184650118306859401e+00 -2.305890785987711744e-01
9.968835738871649754e-01 2.163897872229060895e-02 -7.586102271341989278e-02 -1.696784720422321244e-02 -1.760020606425778331e-02 9.984122370836229221e-01 5.350922920848657366e-02 4.746119623886026206e-02 7.689845846341232527e-02 -5.200730203369534344e-02 9.956816095688614254e-01 -7.012133145117217976e-03 0.000000000000000000e+00 0.000000000000000000e+00 0.000000000000000000e+00 1.000000000000000000e+00 -1.280906612962332325e+00 -1.832833077596328852e+00 -4.814903158690689300e-01 -4.684089382487526265e-01 1.185153481932835984e+00 -2.655649129867842517e-01
9.960956327215885198e-01 2.454829896077467821e-02 -8.479900676956284022e-02 -1.907196528125335369e-02 -1.948371392466023352e-02 9.980055451477548578e-01 6.004429006076344999e-02 5.334214865215375356e-02 8.610386415807093352e-02 -5.815765552736681943e-02 9.945872569551995612e-01 -8.937763246540660761e-03 0.000000000000000000e+00 0.000000000000000000e+00 0.000000000000000000e+00 1.000000000000000000e+00 -1.270056268481620787e+00 -1.814066100019835259e+00 -4.806835358208423337e-01 -4.768904490260742479e-01 1.186150089159014875e+00 -2.996935119937634839e-01
9.952286722665508734e-01 2.750441544640709612e-02 -9.361301775512614887e-02 -2.117275438135651777e-02 -2.131026862483914250e-02 9.975564447454269290e-01 6.653579503927979644e-02 5.921197049298189408e-02 9.521429731759628590e-02 -6.422341241752572982e-02 9.933829024633121785e-01 -1.109425576496179955e-02 0.000000000000000000e+00 0.000000000000000000e+00 0.000000000000000000e+00 1.000000000000000000e+00 -1.258577152291828316e+00 -1.792992784076187673e+00 -4.803484994378670048e-01 -4.860838241755232603e-01 1.187624707502798804e+00 -3.340743912897423118e-01
9.942858873186127822e-01 3.050263539151204170e-02 -1.022993821207989762e-01 -2.327022466851908639e-02 -2.307866535430744617e-02 9.970659584027330435e-01 7.298527127949429316e-02 6.507068889785672106e-02 1.042254745913509667e-01 -7.020729202782059752e-02 9.920725712465575663e-01 -1.348211800872724242e-02 0.000000000000000000e+00 0.000000000000000000e+00 0.000000000000000000e+00 1.000000000000000000e+00 -1.248797582388869287e+00 -1.772970368685541143e+00 -4.783371538684512703e-01 -4.959732849713305303e-01 1.189569808141125007e+00 -3.683760121846250679e-01
9.932700131626872597e-01 3.354083173182374061e-02 -1.108588906360394866e-01 -2.536457546517239051e-02 -2.478960324440999952e-02 9.965348111610493609e-01 7.939676151681296368e-02 7.091846601398484051e-02 1.131377770571769803e-01 -7.611427446093262106e-02 9.906596088759060947e-01 -1.609985677692566536e-02 0.000000000000000000e+00 0.000000000000000000e+00 0.000000000000000000e+00 1.000000000000000000e+00 -1.239372750568962012e+00 -1.752442681230307775e+00 -4.776862294720508051e-01 -5.065432890653281950e-01 1.191975676684078111e+00 -4.020911388690047716e-01
9.921828353873302087e-01 3.662165913001236284e-02 -1.192982620314414904e-01 -2.745648525980378535e-02 -2.644847700079041089e-02 9.959639094194765452e-01 8.576927901542302779e-02 7.675580843653835583e-02 1.219577767327907486e-01 -8.194354912243380362e-02 9.891468826659288727e-01 -1.894189305384710517e-02 0.000000000000000000e+00 0.000000000000000000e+00 0.000000000000000000e+00 1.000000000000000000e+00 -1.229534857973491713e+00 -1.735279880801890773e+00 -4.774613224001174050e-01 -5.177800191831257726e-01 1.194823288287837793e+00 -4.340430282576746013e-01
9.910267259527092421e-01 3.974303209630886818e-02 -1.276186504033796631e-01 -2.954678851422797362e-02 -2.805603242746661577e-02 9.953541184578281742e-01 9.210340893977973786e-02 8.258333805516339388e-02 1.306862180011013064e-01 -8.769646683655148156e-02 9.875375649409932066e-01 -2.200196405915456552e-02 0.000000000000000000e+00 0.000000000000000000e+00 0.000000000000000000e+00 1.000000000000000000e+00 -1.220705228343054616e+00 -1.715400903236532715e+00 -4.765778890044970462e-01 -5.296610564573843716e-01 1.198096132348345444e+00 -4.650946903265115173e-01
9.898047018899488458e-01 4.290275712391269924e-02 -1.358160728181951882e-01 -3.163539938435170479e-02 -2.961302380642871768e-02 9.947060810319147128e-01 9.840163212190555786e-02 8.840101664940189230e-02 1.393187748494328637e-01 -9.337647357065533005e-02 9.858352363364591975e-01 -2.528161905831170092e-02 0.000000000000000000e+00 0.000000000000000000e+00 0.000000000000000000e+00 1.000000000000000000e+00 -1.212277230080095913e+00 -1.696808277357687578e+00 -4.759597527963188024e-01 -5.421747540454275871e-01 1.201788956002834308e+00 -4.975118995414684608e-01
9.885185629922017547e-01 4.609834841119724025e-02 -1.438957712575223979e-01 -3.372246111983702443e-02 -3.111930438144849126e-02 9.940206467124912404e-01 1.046639519099495930e-01 9.420897312548424940e-02 1.478602029169920895e-01 -9.898432305506191242e-02 9.840424097725378738e-01 -2.878075059315304482e-02 0.000000000000000000e+00 0.000000000000000000e+00 0.000000000000000000e+00 1.000000000000000000e+00 -1.203743252025960553e+00 -1.679174794469219023e+00 -4.746708185649450851e-01 -5.553108355992695255e-01 1.205893477862744145e+00 -5.283384998921120124e-01
9.871704144904522860e-01 4.933351155890688261e-02 -1.518577541268206488e-01 -3.580846466708651615e-02 -3.258218418251501020e-02 9.932989983313902371e-01 1.108850811141437603e-01 1.000075885973048112e-01 1.563105054847454545e-01 -1.045146141906281440e-01 9.821627774194894300e-01 -3.249659356453016290e-02 0.000000000000000000e+00 0.000000000000000000e+00 0.000000000000000000e+00 1.000000000000000000e+00 -1.193534105480107188e+00 -1.660599180642763573e+00 -4.764418323043959069e-01 -5.690604896841813254e-01 1.210391426894293021e+00 -5.594277211529410376e-01
9.857632872758912423e-01 5.260375322474431653e-02 -1.596984242472108406e-01 -3.789388783797396909e-02 -3.400100625519397735e-02 9.925424766548669453e-01 1.170613669649522015e-01 1.057972384789944570e-01 1.646653367703805326e-01 -1.099648908121466928e-01 9.802005150539777611e-01 -3.642686719646245908e-02 0.000000000000000000e+00 0.000000000000000000e+00 0.000000000000000000e+00 1.000000000000000000e+00 -1.183868271966179053e+00 -1.641535138513255276e+00 -4.741587224126464495e-01 -5.834034763310435023e-01 1.215270235801384935e+00 -5.891162762663660901e-01
9.843009725134516108e-01 5.590023770822541427e-02 -1.674119441384864793e-01 -3.997918290201225161e-02 -3.537054902425317005e-02 9.917522356290652263e-01 1.231926435023125710e-01 1.115782808762825068e-01 1.729176679156222418e-01 -1.153371864504714045e-01 9.781599120832080718e-01 -4.056948238382983296e-02 0.000000000000000000e+00 0.000000000000000000e+00 0.000000000000000000e+00 1.000000000000000000e+00 -1.174002166675379044e+00 -1.620626605831595457e+00 -4.729548355003752036e-01 -5.983119930578248979e-01 1.220522643284015496e+00 -6.191303360763386054e-01
9.827858370902783358e-01 5.922271934277924255e-02 -1.749990515405533131e-01 -4.206443378516076803e-02 -3.669365689846822848e-02 9.909292542422298844e-01 1.292779511646652002e-01 1.173508063499679038e-01 1.810678714442178761e-01 -1.206311843204271317e-01 9.760443347342353526e-01 -4.492474799149268755e-02 0.000000000000000000e+00 0.000000000000000000e+00 0.000000000000000000e+00 1.000000000000000000e+00 -1.164249882214519305e+00 -1.601845875562846633e+00 -4.712418837313852582e-01 -6.137764598166514096e-01 1.226138789270644125e+00 -6.487110603335221048e-01
9.812189476638727426e-01 6.256417943214710731e-02 -1.824694503558335901e-01 -4.414983787879041277e-02 -3.796423775851454074e-02 9.900742092282134310e-01 1.353210142573024743e-01 1.231149893164276143e-01 1.891245449746179752e-01 -1.258522296326744783e-01 9.738547750330764918e-01 -4.949221621205478899e-02 0.000000000000000000e+00 0.000000000000000000e+00 0.000000000000000000e+00 1.000000000000000000e+00 -1.156040935300804984e+00 -1.584966122255746290e+00 -4.675086234872074531e-01 -6.297829878286920202e-01 1.232115648175367451e+00 -6.782818339648503114e-01
9.796016229097157524e-01 6.592529159085538937e-02 -1.898275966262064351e-01 -4.623528602342805160e-02 -3.918472818824352000e-02 9.891876871614095901e-01 1.413233054824232227e-01 1.288707780181956863e-01 1.970919013764424743e-01 -1.310021966527041837e-01 9.715931282988991002e-01 -5.427307472298147084e-02 0.000000000000000000e+00 0.000000000000000000e+00 0.000000000000000000e+00 1.000000000000000000e+00 -1.147127089135312028e+00 -1.568027873435400954e+00 -4.664899210129406781e-01 -6.463275463380950825e-01 1.238446382071100471e+00 -7.080609122424639246e-01
9.779365624772902166e-01 6.930927731382893753e-02 -1.970692872380553629e-01 -4.832190316944226516e-02 -4.036255404553810988e-02 9.882709740168704737e-01 1.472798226998091875e-01 1.346190401935821457e-01 2.049657145091222377e-01 -1.360761038004219547e-01 9.692638185387522087e-01 -5.926215465350567063e-02 0.000000000000000000e+00 0.000000000000000000e+00 0.000000000000000000e+00 1.000000000000000000e+00 -1.137234895832656356e+00 -1.549301626981555602e+00 -4.649621424743090592e-01 -6.633942827688339428e-01 1.245109740686155764e+00 -7.352085144910520675e-01
9.762266330114994783e-01 7.271504692521396640e-02 -2.041912904073300838e-01 -5.041063764029980049e-02 -4.149992950894943605e-02 9.873249754714719106e-01 1.531899105331119837e-01 1.403605151892579617e-01 2.127423723126398714e-01 -1.410741464370535991e-01 9.668706057751165206e-01 -6.445532470879893061e-02 0.000000000000000000e+00 0.000000000000000000e+00 0.000000000000000000e+00 1.000000000000000000e+00 -1.128361704013486344e+00 -1.530986164079127132e+00 -4.640780154172515770e-01 -6.809631920019708629e-01 1.252091854805999160e+00 -7.629764923344652949e-01
9.744727884142408980e-01 7.613716928151000041e-02 -2.112011274260122140e-01 -5.250158979362935102e-02 -4.259340657205972630e-02 9.863510598432961851e-01 1.590515277865574839e-01 1.460953137769834265e-01 2.204281889586380272e-01 -1.459956103194916810e-01 9.644152090077815487e-01 -6.985287808603189708e-02 0.000000000000000000e+00 0.000000000000000000e+00 0.000000000000000000e+00 1.000000000000000000e+00 -1.117761065993081004e+00 -1.515214812267821509e+00 -4.610570883600787484e-01 -6.990245109139041624e-01 1.259385504766635799e+00 -7.899287445686810072e-01
9.726764076548197746e-01 7.957766213235034636e-02 -2.181008982492512183e-01 -5.459527725521499258e-02 -4.364763969313624481e-02 9.853501789617594708e-01 1.648633021578149171e-01 1.518238603955293919e-01 2.280251952647646130e-01 -1.508390550981495160e-01 9.619002494391469815e-01 -7.545308372100492655e-02 0.000000000000000000e+00 0.000000000000000000e+00 0.000000000000000000e+00 1.000000000000000000e+00 -1.108534441066012732e+00 -1.497647074098856335e+00 -4.616354843883181402e-01 -7.175709746881604456e-01 1.266976592592032880e+00 -8.166487325725311219e-01
9.708411474869366176e-01 8.303958732578882451e-02 -2.248819544198260023e-01 -5.669207457888841145e-02 -4.466849586259767635e-02 9.843221055493001082e-01 1.706303549596888403e-01 1.575464744911563020e-01 2.355253531211557450e-01 -1.556098309796274115e-01 9.593296558709278887e-01 -8.125494674110610160e-02 0.000000000000000000e+00 0.000000000000000000e+00 0.000000000000000000e+00 1.000000000000000000e+00 -1.100359390499353607e+00 -1.478437213777074710e+00 -4.598950004269245495e-01 -7.365872830285469242e-01 1.274857951193617556e+00 -8.428461997350995549e-01
9.689694358050864320e-01 8.651666696345772234e-02 -2.315450257676378576e-01 -5.879303902890319761e-02 -4.565211011295770144e-02 9.832678476251682786e-01 1.763525579583520020e-01 1.632639961419157515e-01 2.429282146249432672e-01 -1.603097196005230096e-01 9.567061599249306880e-01 -8.725460416747514436e-02 0.000000000000000000e+00 0.000000000000000000e+00 0.000000000000000000e+00 1.000000000000000000e+00 -1.091286277334127419e+00 -1.461066955658445465e+00 -4.583991371244806046e-01 -7.560500845700182104e-01 1.283021058302384887e+00 -8.676043934737899255e-01
9.670619977919887589e-01 9.000287544057279654e-02 -2.380978265069343680e-01 -6.089881263484982904e-02 -4.659298281460324404e-02 9.821880716422192181e-01 1.820321013058773529e-01 1.689769539983053126e-01 2.502402576035535064e-01 -1.649426396383423810e-01 9.540302611575132152e-01 -9.345005109594424486e-02 0.000000000000000000e+00 0.000000000000000000e+00 0.000000000000000000e+00 1.000000000000000000e+00 -1.084058096383020198e+00 -1.445009112128832651e+00 -4.544511888069063255e-01 -7.759451710067185592e-01 1.291462113436842918e+00 -8.925903394802772173e-01
9.651211291355709099e-01 9.349895418364488620e-02 -2.445386509637177963e-01 -6.300916654439385478e-02 -4.749295532681736126e-02 9.810823723274068042e-01 1.876747130874185376e-01 1.746852157137274153e-01 2.574599491976156673e-01 -1.695149678052420283e-01 9.513038685684443996e-01 -9.984290470393848704e-02 0.000000000000000000e+00 0.000000000000000000e+00 0.000000000000000000e+00 1.000000000000000000e+00 -1.077569055863657033e+00 -1.427049964483318334e+00 -4.530993640071998563e-01 -7.962636140543934982e-01 1.300181264575264173e+00 -9.176305230748872388e-01
9.631465851367809750e-01 9.701399797920777501e-02 -2.508723577648718783e-01 -6.512425407506591823e-02 -4.836203080450326985e-02 9.799505363882156095e-01 1.932823329710830484e-01 1.803889414684767822e-01 2.645935934005989032e-01 -1.740265223001503103e-01 9.485278066424204235e-01 -1.064331759943390188e-01 0.000000000000000000e+00 0.000000000000000000e+00 0.000000000000000000e+00 1.000000000000000000e+00 -1.071226438011093629e+00 -1.412983449876212383e+00 -4.531419407740132632e-01 -8.170124918764302135e-01 1.309165777400263408e+00 -9.422077218557720624e-01
9.611379295944386669e-01 1.005460618483498270e-01 -2.571077009729345053e-01 -6.724436070558860445e-02 -4.919925876809077420e-02 9.787936536788511832e-01 1.988527507596731803e-01 1.860883940038819684e-01 2.716492469841383373e-01 -1.784754128740342616e-01 9.457024974702044062e-01 -1.132203273300569496e-01 0.000000000000000000e+00 0.000000000000000000e+00 0.000000000000000000e+00 1.000000000000000000e+00 -1.063832845515883418e+00 -1.398497823797738127e+00 -4.516430608311411965e-01 -8.381889725960647297e-01 1.318406078575755203e+00 -9.665910142348665968e-01
9.589718651286538442e-01 1.039735796002064921e-01 -2.637469566606708837e-01 -6.936997250692959749e-02 -4.990768672429277131e-02 9.777050060567250567e-01 2.039660372967264657e-01 1.917839908204715393e-01 2.790737986859690989e-01 -1.824346905892539616e-01 9.427806740105726391e-01 -1.202031086028327728e-01 0.000000000000000000e+00 0.000000000000000000e+00 0.000000000000000000e+00 1.000000000000000000e+00 -8.766463510396995673e-01 -1.574029561420978718e+00 -4.504744391939901060e-01 -8.602514814831249135e-01 1.327444364196684434e+00 -9.903934152652071887e-01
9.565124111032905496e-01 1.071758122617530173e-01 -2.712883217815065251e-01 -7.150177950022293394e-02 -5.039329266619743675e-02 9.767843775766599235e-01 2.082133439630986516e-01 1.974762778773787308e-01 2.873056284351449552e-01 -1.854875355663808123e-01 9.397073221772838103e-01 -1.273796327846998533e-01 0.000000000000000000e+00 0.000000000000000000e+00 0.000000000000000000e+00 1.000000000000000000e+00 -6.916094452008544335e-01 -1.748124300204338066e+00 -4.493339679312186030e-01 -8.837169030730063213e-01 1.335773469155976612e+00 -1.014077035646296254e+00
9.538386032578007878e-01 1.104625303335995123e-01 -2.792668063797924538e-01 -7.359936821960307018e-02 -5.108391296361746575e-02 9.760239874255598469e-01 2.115835796289600168e-01 2.031343199928113963e-01 2.959431591958226471e-01 -1.875505445189504794e-01 9.366122152212924545e-01 -1.348890753481267746e-01 0.000000000000000000e+00 0.000000000000000000e+00 0.000000000000000000e+00 1.000000000000000000e+00 -5.089687915639279359e-01 -1.729609184245337827e+00 -5.814432108551020884e-01 -9.088607503753228789e-01 1.343098502404998174e+00 -1.097724856527389381e+00
9.510384331939804037e-01 1.141379625457407399e-01 -2.872253903590702429e-01 -7.562132445615547816e-02 -5.241086696926678529e-02 9.754110089504680614e-01 2.140711716383092156e-01 2.087269473173935797e-01 3.045964549264179588e-01 -1.885361796006156110e-01 9.336354273117495328e-01 -1.428681405779468339e-01 0.000000000000000000e+00 0.000000000000000000e+00 0.000000000000000000e+00 1.000000000000000000e+00 -3.289575589205206985e-01 -1.711417605747102666e+00 -7.133482524748629983e-01 -9.359049716470698721e-01 1.349026946064748822e+00 -1.181445144215637510e+00
9.480048770876142727e-01 1.178701320404359348e-01 -2.956237238478365836e-01 -7.761006140917062202e-02 -5.395249474869603240e-02 9.749636578887019844e-01 2.157197171807410663e-01 2.142864642836779521e-01 3.136492982645974203e-01 -1.885537060583942215e-01 9.306296904223760880e-01 -1.511725712018231471e-01 0.000000000000000000e+00 0.000000000000000000e+00 0.000000000000000000e+00 1.000000000000000000e+00 -1.513629642873140224e-01 -1.884808323481832693e+00 -7.118436325436242607e-01 -9.647095536536024474e-01 1.353620395082261618e+00 -1.205067854911527681e+00
9.449120594128284090e-01 1.215997206441046946e-01 -3.038991765797877664e-01 -7.960906071105298965e-02 -5.549223353195020803e-02 9.745063014083997777e-01 2.173892436251423643e-01 2.198452612442787224e-01 3.225861331907508567e-01 -1.885496731227903899e-01 9.275705963421483347e-01 -1.596606027662139382e-01 0.000000000000000000e+00 0.000000000000000000e+00 0.000000000000000000e+00 1.000000000000000000e+00 -3.336809760565552230e-01 -1.674380958180297752e+00 -7.103420471221456589e-01 -9.940020205123198949e-01 1.358149962730636595e+00 -1.228115936097891714e+00
9.419114153537438971e-01 1.254611907765932899e-01 -3.115483539506939126e-01 -8.161784129102908625e-02 -5.713004214515858548e-02 9.739415595685979588e-01 2.194857615897939096e-01 2.254028126908593499e-01 3.309668340585177337e-01 -1.889373730715761535e-01 9.245342760402778248e-01 -1.683345988482607691e-01 0.000000000000000000e+00 0.000000000000000000e+00 0.000000000000000000e+00 1.000000000000000000e+00 -3.345890703356096396e-01 -1.656328630032375626e+00 -7.088988333562510347e-01 -1.023167154932330458e+00 1.363180018893032974e+00 -1.251956178856392210e+00
9.389057655515593570e-01 1.291478115443524255e-01 -3.190247761037594554e-01 -8.368399393317992041e-02 -5.843505354400908153e-02 9.732873357353331034e-01 2.220295247432997887e-01 2.309923556996072713e-01 3.391774009238626708e-01 -1.898225703557991917e-01 9.213718504578093382e-01 -1.770554066436449414e-01 0.000000000000000000e+00 0.000000000000000000e+00 0.000000000000000000e+00 1.000000000000000000e+00 -5.143066529672883913e-01 -1.638861140651066473e+00 -5.741529611578288783e-01 -1.052065114787375855e+00 1.369020956277119394e+00 -1.213450696703910259e+00
9.361003418897990702e-01 1.323516941190260310e-01 -3.258821582973087105e-01 -8.576098299571541239e-02 -5.918624355640264567e-02 9.725646005714250197e-01 2.249779755732975173e-01 2.365813676864853554e-01 3.467176667123820777e-01 -1.913142184357713715e-01 9.182514548526015119e-01 -1.859581558915518462e-01 0.000000000000000000e+00 0.000000000000000000e+00 0.000000000000000000e+00 1.000000000000000000e+00 -5.120992442056090388e-01 -1.430561884016642971e+00 -4.396599920741059986e-01 -1.079850772976849838e+00 1.376140283707985024e+00 -1.294327719560485424e+00
9.334654029666470398e-01 1.352445019172470453e-01 -3.321916138119462847e-01 -8.770398947099482256e-02 -5.970991920075993664e-02 9.718558538804941138e-01 2.278835843829975505e-01 2.420696456689670484e-01 3.536623657458494718e-01 -1.928863068829082539e-01 9.152692547002527768e-01 -1.954529662370974030e-01 0.000000000000000000e+00 0.000000000000000000e+00 0.000000000000000000e+00 1.000000000000000000e+00 -5.093355412358964163e-01 -1.415509286050706361e+00 -4.386470993609529745e-01 -1.107578355152425864e+00 1.383885804736556313e+00 -1.434345238911473919e+00
9.308968423038774809e-01 1.375170685386880032e-01 -3.384082253763492920e-01 -8.956299341018242322e-02 -5.957644656744769812e-02 9.711825789141810272e-01 2.307705542755160988e-01 2.474918542211849704e-01 3.603910627388480781e-01 -1.946624201830480239e-01 9.122635744025243687e-01 -2.053966002573273109e-01 0.000000000000000000e+00 0.000000000000000000e+00 0.000000000000000000e+00 1.000000000000000000e+00 -5.058695883464600085e-01 -1.400860087358171358e+00 -1.712382408400804912e-01 -1.135129761087457334e+00 1.392571162533957629e+00 -1.453307329556718930e+00
9.283979218657046895e-01 1.391739717527423481e-01 -3.445401375993697446e-01 -9.143780240900505063e-02 -5.879100318147972154e-02 9.705475493202367909e-01 2.336259312371827268e-01 2.529165399637549050e-01 3.669072345076562769e-01 -1.966419681976191158e-01 9.092365053861066748e-01 -2.155127511093240245e-01 0.000000000000000000e+00 0.000000000000000000e+00 0.000000000000000000e+00 1.000000000000000000e+00 -5.005968841100610911e-01 -1.387307235465032651e+00 -1.719888531278665755e-01 -1.162064260110603930e+00 1.402068156554485245e+00 -1.471988332017077905e+00
9.258323963058837647e-01 1.413016771842429409e-01 -3.505256228273215813e-01 -9.327718595265335755e-02 -5.832431261382047677e-02 9.697857408796660694e-01 2.368837159232332346e-01 2.583089604804434392e-01 3.734068165872530543e-01 -1.988704518479408045e-01 9.061003796146451794e-01 -2.259363533228581911e-01 0.000000000000000000e+00 0.000000000000000000e+00 0.000000000000000000e+00 1.000000000000000000e+00 -6.759463797502490712e-01 -1.372984184271761832e+00 -3.046951121496239145e-01 -1.189970999162694998e+00 1.411998988957768431e+00 -1.549148518305585753e+00
9.232018128284199543e-01 1.438983328113954685e-01 -3.563589270522247721e-01 -9.518763137456000278e-02 -5.816905117609828813e-02 9.688934147676160347e-01 2.405450390891367696e-01 2.637410603288929956e-01 3.798878472038217935e-01 -2.013425549841101891e-01 9.028545864819852440e-01 -2.363936996134866075e-01 0.000000000000000000e+00 0.000000000000000000e+00 0.000000000000000000e+00 1.000000000000000000e+00 -6.707713585425135738e-01 -1.358575191184956399e+00 -3.039161953234174596e-01 -1.218418918921638783e+00 1.422189118601532964e+00 -1.445545889764692449e+00
9.205540549111062010e-01 1.464976153201559272e-01 -3.621031385943855874e-01 -9.732843858897752276e-02 -5.800114730165756988e-02 9.679955413410863407e-01 2.441730992161509073e-01 2.693203810079767835e-01 3.862849998233325866e-01 -2.037721385996126011e-01 8.995892505341688272e-01 -2.464818305772865092e-01 0.000000000000000000e+00 0.000000000000000000e+00 0.000000000000000000e+00 1.000000000000000000e+00 -6.656276388195245808e-01 -1.344317191209259299e+00 -3.031419102267561838e-01 -1.246331262143707264e+00 1.432057839361508433e+00 -1.342714680129950322e+00
9.179889436552565174e-01 1.484865056579478815e-01 -3.677608724241125393e-01 -9.959259961929513294e-02 -5.717655970911828672e-02 9.671313454039563995e-01 2.477656258532853761e-01 2.749746425103936076e-01 3.924629188965756965e-01 -2.064188032730203126e-01 8.963058297145847231e-01 -2.564759793690472023e-01 0.000000000000000000e+00 0.000000000000000000e+00 0.000000000000000000e+00 1.000000000000000000e+00 -6.598504431879471666e-01 -1.330531148035832834e+00 -3.597205805095410325e-02 -1.273165251125483843e+00 1.442655443210994148e+00 -1.360057219159773512e+00
9.154098335559304189e-01 1.504783282052272186e-01 -3.733377983603031747e-01 -1.018722237881835441e-01 -5.634216165042645746e-02 9.662639556184206002e-01 2.513156035708868363e-01 2.806310722670984359e-01 3.985604094353872306e-01 -2.090221159091522063e-01 8.930058010561748860e-01 -2.666464539900924580e-01 0.000000000000000000e+00 0.000000000000000000e+00 0.000000000000000000e+00 1.000000000000000000e+00 -6.541200204298536214e-01 -1.316886824940127543e+00 -3.021394990071712972e-01 -1.300274844302185873e+00 1.453354183063670035e+00 -1.376983308757727009e+00
9.128986216217689353e-01 1.529134226018355192e-01 -3.784621441646001672e-01 -1.041678355246348775e-01 -5.626409754073724567e-02 9.654687275730642337e-01 2.543707756188713365e-01 2.862900277206066324e-01 4.042900703560465270e-01 -2.109208991679841216e-01 8.899786063273559256e-01 -2.769924726053955011e-01 0.000000000000000000e+00 0.000000000000000000e+00 0.000000000000000000e+00 1.000000000000000000e+00 -4.698755898801821873e-01 -1.112121923136002888e+00 -3.014090306941936137e-01 -1.327952066566176592e+00 1.462649094978704545e+00 -1.394779199983241957e+00
9.105571568059859233e-01 1.551795428176513947e-01 -3.831513753303228409e-01 -1.064806581272122188e-01 -5.630371810444107644e-02 9.647856232836087287e-01 2.569408424435297156e-01 2.919523256265042499e-01 4.095309006062493595e-01 -2.123864756545622567e-01 8.872296392836169776e-01 -2.875115702937112161e-01 0.000000000000000000e+00 0.000000000000000000e+00 0.000000000000000000e+00 1.000000000000000000e+00 -4.661022916531580851e-01 -1.103322265046546846e+00 -3.018647241090354760e-01 -1.355215512038143055e+00 1.471358237761580146e+00 -1.412720995389872058e+00
9.084438148832035820e-01 1.571422951021139713e-01 -3.873449851728972271e-01 -1.087536963922847016e-01 -5.614317300385662790e-02 9.641201426360236360e-01 2.594615554095462961e-01 2.975797528960415494e-01 4.142194863738038468e-01 -2.139594684570378103e-01 8.846714474521379934e-01 -2.983354249518307411e-01 0.000000000000000000e+00 0.000000000000000000e+00 0.000000000000000000e+00 1.000000000000000000e+00 -4.623505168141759381e-01 -9.009029864066325777e-01 -1.679754432464695968e-01 -1.381685405989710791e+00 1.480626226821536884e+00 -1.491374956344867275e+00
9.068068727412234020e-01 1.584966897335773617e-01 -3.906150261370791577e-01 -1.109292107027838314e-01 -5.558727789827675597e-02 9.634919459607503844e-01 2.619032810402884270e-01 3.031336418398839494e-01 4.178652344602657998e-01 -2.157824690389578970e-01 8.825115179958517020e-01 -3.095950798825408135e-01 0.000000000000000000e+00 0.000000000000000000e+00 0.000000000000000000e+00 1.000000000000000000e+00 -4.580601471608966024e-01 -7.007258287270919928e-01 -3.437155960973112268e-02 -1.406180778842819779e+00 1.491012143080520547e+00 -1.570407200754394772e+00
9.055481614750815478e-01 1.598471270884941897e-01 -3.929776422440529604e-01 -1.131248962522404949e-01 -5.528229143697398207e-02 9.628643554103859525e-01 2.642652180784459959e-01 3.086929269405940257e-01 4.206261998468616148e-01 -2.175801774397534138e-01 8.807567622345838787e-01 -3.210226698721058702e-01 0.000000000000000000e+00 0.000000000000000000e+00 0.000000000000000000e+00 1.000000000000000000e+00 -4.537208851300295054e-01 -5.025424205252860821e-01 -1.674522368278105744e-01 -1.429333625988161272e+00 1.501465897998659926e+00 -1.530474006003825771e+00
9.045362145837960721e-01 1.608905402256036732e-01 -3.948777972450118745e-01 -1.153991452611250607e-01 -5.478257028697054720e-02 9.622556888718462043e-01 2.665761870038690917e-01 3.142968426133399551e-01 4.228629933594505452e-01 -2.194953940841910534e-01 8.792091154924878138e-01 -3.324861922614794074e-01 0.000000000000000000e+00 0.000000000000000000e+00 0.000000000000000000e+00 1.000000000000000000e+00 -4.492697562329824312e-01 -4.974860028723139815e-01 9.932427548050604127e-02 -1.451247609134797223e+00 1.512405596437707000e+00 -1.551225752703404792e+00
9.035290005694044391e-01 1.619288043964353663e-01 -3.967548508794446760e-01 -1.176933274742025803e-01 -5.428340590153233475e-02 9.616481124068496644e-01 2.688609754295049337e-01 3.199060858847462829e-01 4.250748896163386581e-01 -2.213864835303394896e-01 8.776670047244308215e-01 -3.441173168026645524e-01 0.000000000000000000e+00 0.000000000000000000e+00 0.000000000000000000e+00 1.000000000000000000e+00 -4.448622403022538530e-01 -4.924804806277645053e-01 -1.672334147743732014e-01 -1.473242078707830860e+00 1.523423537323153942e+00 -1.571686595948953213e+00
9.022280480968316585e-01 1.633852077423210980e-01 -3.991112976125190670e-01 -1.200078461355448406e-01 -5.429609636886258833e-02 9.611264325680215492e-01 2.707174158813538400e-01 3.255210050362510321e-01 4.278276385455948572e-01 -2.225786597306697034e-01 8.760264040231243721e-01 -3.559150873234379064e-01 0.000000000000000000e+00 0.000000000000000000e+00 0.000000000000000000e+00 1.000000000000000000e+00 -2.616978693008018553e-01 -6.784082741386504578e-01 -1.668615537726750031e-01 -1.497095517930366215e+00 1.532809521384689511e+00 -1.591831411359970749e+00
9.006299840269157420e-01 1.652589737585037077e-01 -4.019391848066007911e-01 -1.223431304652775747e-01 -5.482108443916643842e-02 9.606908791064839859e-01 2.721537953945904476e-01 3.311419239283849847e-01 4.311151654544577716e-01 -2.230751259218131943e-01 8.742866869877784497e-01 -3.678785686518938336e-01 0.000000000000000000e+00 0.000000000000000000e+00 0.000000000000000000e+00 1.000000000000000000e+00 -2.598491928311389976e-01 -6.713726535984864130e-01 -4.328957893014128144e-01 -1.522851063954495210e+00 1.540488995536835937e+00 -1.611642065888081454e+00
8.990345511347699325e-01 1.671275718424911905e-01 -4.047286195488012939e-01 -1.246996340823429000e-01 -5.534681247454773662e-02 9.602550297663702272e-01 2.735818216034951456e-01 3.367691391984452554e-01 4.343657579592741236e-01 -2.235590707281031042e-01 8.725524276886900132e-01 -3.800068477132666489e-01 0.000000000000000000e+00 0.000000000000000000e+00 0.000000000000000000e+00 1.000000000000000000e+00 -2.580092831223299021e-01 -6.644097372037908178e-01 -1.655986863754910776e-01 -1.548730039501189593e+00 1.548156759771698754e+00 -1.631140590821735792e+00
8.974413916255846724e-01 1.689906944135138589e-01 -4.074814090733001049e-01 -1.270778096496437415e-01 -5.587390638651788810e-02 9.598195718992285075e-01 2.749990928357698983e-01 3.424029433438015579e-01 4.375809191582790691e-01 -2.240279900393194468e-01 8.708239821241919865e-01 -3.922990270123047352e-01 0.000000000000000000e+00 0.000000000000000000e+00 0.000000000000000000e+00 1.000000000000000000e+00 -2.561786139643002502e-01 -6.575186135759627515e-01 -4.316365666299135651e-01 -1.574731553435318343e+00 1.555805872353034358e+00 -1.650333757138326529e+00
8.958512422629480998e-01 1.708485292612720308e-01 -4.101967050011508520e-01 -1.294781057334624119e-01 -5.640182710599370153e-02 9.593838768916247428e-01 2.764080603836819860e-01 3.480436265408901608e-01 4.407600156839796557e-01 -2.244846602448600514e-01 8.691014066194018284e-01 -4.047542238727058206e-01 0.000000000000000000e+00 0.000000000000000000e+00 0.000000000000000000e+00 1.000000000000000000e+00 -2.543567714333115903e-01 -6.506987151806226111e-01 -1.643430831709697393e-01 -1.600848808883640118e+00 1.563440605553958473e+00 -1.669223383990343645e+00
8.946330190417006722e-01 1.718060719476952880e-01 -4.124493185380134763e-01 -1.318395171801737820e-01 -5.610536863408183139e-02 9.590055725362832684e-01 2.777777971896007725e-01 3.536500845599243048e-01 4.432651070482549471e-01 -2.253685679152623578e-01 8.675972931442084146e-01 -4.175014183296410497e-01 0.000000000000000000e+00 0.000000000000000000e+00 0.000000000000000000e+00 1.000000000000000000e+00 -2.520346020466074366e-01 -4.530908560424087295e-01 -3.078878511404578577e-02 -1.624778952798541454e+00 1.572714120321849318e+00 -1.748294199106988245e+00
8.935599303647869807e-01 1.730575961022438602e-01 -4.142483854334168547e-01 -1.341631753841112107e-01 -5.626393574634858119e-02 9.586102958808189189e-01 2.791069247496606454e-01 3.592230930045893778e-01 4.454043408094463530e-01 -2.260915193772794485e-01 8.663126501179397865e-01 -4.305379175838803252e-01 0.000000000000000000e+00 0.000000000000000000e+00 0.000000000000000000e+00 1.000000000000000000e+00 -2.498026345227286615e-01 -4.484324023077909116e-01 -2.971065248337900755e-01 -1.648555946883390355e+00 1.581494743387870994e+00 -1.767571810072105176e+00
8.921184891551772189e-01 1.751967586689607836e-01 -4.164501207049016163e-01 -1.365734811810972449e-01 -5.724748711460109218e-02 9.581590056234564612e-01 2.804532945288203960e-01 3.648464729582983623e-01 4.481599417501029858e-01 -2.263568461802099585e-01 8.648209380891174192e-01 -4.436027439137336659e-01 0.000000000000000000e+00 0.000000000000000000e+00 0.000000000000000000e+00 1.000000000000000000e+00 -2.480597637766912000e-01 -6.346835914559976199e-01 -4.296880549952400985e-01 -1.674753150454045825e+00 1.588575567696914659e+00 -1.726085436656307648e+00
8.901614647606431729e-01 1.779232050028096423e-01 -4.194709836917678847e-01 -1.391325284558067865e-01 -5.860038909715020033e-02 9.576675569016264156e-01 2.818489845224587120e-01 3.705620133277960360e-01 4.518612268623668493e-01 -2.263099417729093066e-01 8.629051237124628626e-01 -4.565676507204866619e-01 0.000000000000000000e+00 0.000000000000000000e+00 0.000000000000000000e+00 1.000000000000000000e+00 -2.469447837560404535e-01 -8.189638722188242737e-01 -5.619963491039777770e-01 -1.703584414439501593e+00 1.594415479967419946e+00 -1.683301033892596887e+00
8.876796310856254202e-01 1.812343037361975606e-01 -4.232954127820965362e-01 -1.418404156830207485e-01 -6.032057096721971795e-02 9.571322727291829979e-01 2.833006290253591852e-01 3.763695627729746751e-01 4.564934928153862592e-01 -2.259467766162901459e-01 8.605589789343567331e-01 -4.694350194169304435e-01 0.000000000000000000e+00 0.000000000000000000e+00 0.000000000000000000e+00 1.000000000000000000e+00 -2.466290332412231778e-01 -1.001292851481612622e+00 -6.940320205745901250e-01 -1.734992568277466951e+00 1.598964221910351924e+00 -1.639160865420639102e+00
8.851925674825109613e-01 1.845361315183997875e-01 -4.270603492406784829e-01 -1.445705140177042103e-01 -6.204039940323426844e-02 9.565904453684503927e-01 2.847555334350536094e-01 3.821841165482093849e-01 4.610695343756950892e-01 -2.255684868590345782e-01 8.582154472020003810e-01 -4.824644707920727749e-01 0.000000000000000000e+00 0.000000000000000000e+00 0.000000000000000000e+00 1.000000000000000000e+00 -2.462880278385127797e-01 -7.997230300269695391e-01 -5.594041920476041652e-01 -1.766557132287702503e+00 1.603416453322336954e+00 -1.714690167515504848e+00
8.829676140550801744e-01 1.875334534390500352e-01 -4.303480029319591282e-01 -1.473884712019447873e-01 -6.357708197944446360e-02 9.560639766641552129e-01 2.861811180394421283e-01 3.880491507713562660e-01 4.651087565328683171e-01 -2.253283884687405647e-01 8.560963576354524429e-01 -4.955267059912905614e-01 0.000000000000000000e+00 0.000000000000000000e+00 0.000000000000000000e+00 1.000000000000000000e+00 -2.454961214639787281e-01 -7.912643226022922915e-01 -5.582503148165810503e-01 -1.796809512109178053e+00 1.608329028574329467e+00 -1.611044792139926907e+00
8.807426999128156186e-01 1.905225122552388628e-01 -4.335821446183202865e-01 -1.503574520292362549e-01 -6.511348904269914639e-02 9.555319545966363126e-01 2.876089748941511592e-01 3.940067169807600078e-01 4.690975786920776325e-01 -2.250774585915012727e-01 8.539833785914049402e-01 -5.084953491463234387e-01 0.000000000000000000e+00 0.000000000000000000e+00 0.000000000000000000e+00 1.000000000000000000e+00 -2.462035046200480859e-01 -7.811195287144501176e-01 -5.566963825786210851e-01 -1.826952680405557583e+00 1.613094162477129778e+00 -1.627687540701910240e+00
8.785167047388733330e-01 1.935036986332234477e-01 -4.367662136293874453e-01 -1.533488431123200268e-01 -6.664945281305000024e-02 9.549945142748497151e-01 2.890386363358861677e-01 3.999711803437069335e-01 4.730393833358309541e-01 -2.248150409361852342e-01 8.518755488883402727e-01 -5.216272642447936647e-01 0.000000000000000000e+00 0.000000000000000000e+00 0.000000000000000000e+00 1.000000000000000000e+00 -2.451874129896732535e-01 -7.740675052472868467e-01 -5.558533526744595665e-01 -1.857227650478475711e+00 1.617783012089872630e+00 -1.643889558917068783e+00
