1.000000000000000000e+00 0.000000000000000000e+00 0.000000000000000000e+00 0.000000000000000000e+00 0.000000000000000000e+00 1.000000000000000000e+00 0.000000000000000000e+00 0.000000000000000000e+00 0.000000000000000000e+00 0.000000000000000000e+00 1.000000000000000000e+00 0.000000000000000000e+00 0.000000000000000000e+00 0.000000000000000000e+00 0.000000000000000000e+00 1.000000000000000000e+00 -1.400198973621967546e+00 -1.933886644416804135e+00 -5.955417856823550515e-01 -4.273634348261499127e-01 1.195881489619641247e+00 -8.636185776339289077e-03
9.999485030670478558e-01 2.731344733925410596e-03 -9.773995280208303341e-03 -2.134908343892680423e-03 -2.664134542598303821e-03 9.999727639761878395e-01 6.882856434435868920e-03 5.973593818123703464e-03 9.792528531120378577e-03 -6.856462760603548694e-03 9.999285450873682812e-01 -9.581903052642998806e-05 0.000000000000000000e+00 0.000000000000000000e+00 0.000000000000000000e+00 1.000000000000000000e+00 -1.347497354010471771e+00 -1.979655304930829418e+00 -4.837579187947051440e-01 -4.300942400748304917e-01 1.192594548143091071e+00 -1.728576811995683610e-02
9.997942475114305338e-01 5.248219727460388083e-03 -1.959384729524785151e-02 -4.266027827925964258e-03 -4.981628047216351586e-03 9.998946977850272644e-01 1.362999426664490005e-02 1.193559020093536149e-02 1.966331722580792751e-02 -1.352958061347255339e-02 9.997151116124753933e-01 -3.648861274110078265e-04 0.000000000000000000e+00 0.000000000000000000e+00 0.000000000000000000e+00 1.000000000000000000e+00 -1.336463877388814225e+00 -1.959484675593436753e+00 -4.836904153506565995e-01 -4.331823424039675241e-01 1.189905395114579711e+00 -5.328804203498688913e-02
9.995402153383479149e-01 7.825952151599683063e-03 -2.929355592785187756e-02 -6.392945185606574085e-03 -7.231620680712558605e-03 9.997669656182283093e-01 2.034006248585257942e-02 1.788571338413560974e-02 2.944590987844692559e-02 -2.011887056437327431e-02 9.993638823903843171e-01 -8.754592951573771445e-04 0.000000000000000000e+00 0.000000000000000000e+00 0.000000000000000000e+00 1.000000000000000000e+00 -1.324193838560051795e+00 -1.939076647529738295e+00 -4.826750435112210358e-01 -4.370850702511741570e-01 1.187777385728392865e+00 -8.956511044824282120e-02
9.991893580500931238e-01 1.046056279431620620e-02 -3.887419986354311019e-02 -8.515765591461148948e-03 -9.413864011044487459e-03 9.995907959156941081e-01 2.701147731381526793e-02 2.382405420915905889e-02 3.914084763658601945e-02 -2.662362425897751156e-02 9.988789599696910049e-01 -1.625096430946060006e-03 0.000000000000000000e+00 0.000000000000000000e+00 0.000000000000000000e+00 1.000000000000000000e+00 -1.313089923760486499e+00 -1.919732377862519934e+00 -4.818794848353028515e-01 -4.417848106054109714e-01 1.186197334743511966e+00 -1.247842602662909417e-01
9.987448701910910387e-01 1.314395510985979891e-02 -4.833136401041539243e-02 -1.063463534131676644e-02 -1.152400173214901402e-02 9.993674097585822924e-01 3.364487655948497635e-02 2.975073227063726455e-02 4.874301680707615603e-02 -3.304567716380127362e-02 9.982645448635616425e-01 -2.610763898688998538e-03 0.000000000000000000e+00 0.000000000000000000e+00 0.000000000000000000e+00 1.000000000000000000e+00 -1.301646151877664082e+00 -1.897933700600639151e+00 -4.784447606460146551e-01 -4.472570516705777766e-01 1.185153549589101685e+00 -1.600002744127378418e-01
9.982103151520109741e-01 1.587529277143671577e-02 -5.765537135617867376e-02 -1.274960409625541281e-02 -1.356511541648422643e-02 9.990979013066156877e-01 4.024141238891848493e-02 3.566580031138079365e-02 5.824220472208100491e-02 -3.938729119135063461e-02 9.975251810786620599e-01 -3.832564354716980724e-03 0.000000000000000000e+00 0.000000000000000000e+00 0.000000000000000000e+00 1.000000000000000000e+00 -1.291616326046580054e+00 -1.875035425908686548e+00 -4.781020065174763078e-01 -4.534900516765719702e-01 1.184635755507047472e+00 -1.953817318409020454e-01
9.975888838637039235e-01 1.865803882801986627e-02 -6.684531716958586056e-02 -1.486084748156305327e-02 -1.554412585076089814e-02 9.987831014788004502e-01 4.680487554548339035e-02 4.156939938739954293e-02 6.763726038418944875e-02 -4.565297154849470157e-02 9.966649422981549433e-01 -5.288386436931714722e-03 0.000000000000000000e+00 0.000000000000000000e+00 0.000000000000000000e+00 1.000000000000000000e+00 -1.282218102727402886e+00 -1.853211753800463768e+00 -4.767614529116896427e-01 -4.604732096181406442e-01 1.184629856710460949e+00 -2.298373486058135351e-01
9.968838446661963948e-01 2.148556738906318847e-02 -7.590105857710283122e-02 -1.696850721025904007e-02 -1.745817841524166525e-02 9.984242275869265049e-01 5.333173349177952605e-02 4.746164740064678922e-02 7.692731833279360665e-02 -5.184044932093495595e-02 9.956880814412332192e-01 -6.976787954714244212e-03 0.000000000000000000e+00 0.000000000000000000e+00 0.000000000000000000e+00 1.000000000000000000e+00 -1.271291607465971474e+00 -1.830519460733633474e+00 -4.746106433899861532e-01 -4.681856433887252034e-01 1.185125817909422619e+00 -2.646887779569668253e-01
9.960975910579358272e-01 2.436038812412584520e-02 -8.483018707418704674e-02 -1.907279947751583729e-02 -1.931314501174340517e-02 9.980224042366621084e-01 5.981875203741337382e-02 5.334271569173339861e-02 8.611963526785793022e-02 -5.794697711801898021e-02 9.945981883576798799e-01 -8.895856827043064838e-03 0.000000000000000000e+00 0.000000000000000000e+00 0.000000000000000000e+00 1.000000000000000000e+00 -1.261038665270109105e+00 -1.811953021005539233e+00 -4.751246554653831833e-01 -4.766187981687400876e-01 1.186108480007085353e+00 -2.984012186547060907e-01
9.952324103392736765e-01 2.728069495888686691e-02 -9.363873748738692215e-02 -2.117371466494791937e-02 -2.111004192025071544e-02 9.975785373034267156e-01 6.626785092260271959e-02 5.921261675077096887e-02 9.521982779887497306e-02 -6.397519534674321606e-02 9.933983887641488764e-01 -1.104626438774619634e-02 0.000000000000000000e+00 0.000000000000000000e+00 0.000000000000000000e+00 1.000000000000000000e+00 -1.251271999295413773e+00 -1.791958092908587874e+00 -4.729077382249607386e-01 -4.857637284286154822e-01 1.187569517813644504e+00 -3.335064959384930749e-01
9.942915655657657004e-01 3.023807282822573231e-02 -1.023227328952179965e-01 -2.327117821804391973e-02 -2.284386361984071245e-02 9.970937245352448075e-01 7.267917454055064508e-02 6.507131785455738671e-02 1.042230330138277372e-01 -6.992684370215382361e-02 9.920926347619423158e-01 -1.342952083461232404e-02 0.000000000000000000e+00 0.000000000000000000e+00 0.000000000000000000e+00 1.000000000000000000e+00 -1.241559856196587264e+00 -1.772000236119703587e+00 -4.707214167720086273e-01 -4.956021519950014609e-01 1.189504684448783101e+00 -3.677848383864329440e-01
9.932778326498998833e-01 3.322682916614930898e-02 -1.108833849856114828e-01 -2.536590311361898789e-02 -2.451223572806337375e-02 9.965692081624603071e-01 7.905038688683500847e-02 7.091934511405602326e-02 1.131295608670737640e-01 -7.580099730680595060e-02 9.906845670038406659e-01 -1.603906465942157508e-02 0.000000000000000000e+00 0.000000000000000000e+00 0.000000000000000000e+00 1.000000000000000000e+00 -1.231288285333336896e+00 -1.752639541162472225e+00 -4.669826620018224794e-01 -5.061062097303608009e-01 1.191897541315388720e+00 -4.001779413519908069e-01
9.921936922055035746e-01 3.624596804385545046e-02 -1.193227012308892554e-01 -2.745833149935572245e-02 -2.611776627014524010e-02 9.960063986807903280e-01 8.537632047293078341e-02 7.675703445341208742e-02 1.219407213097406795e-01 -8.159340423692311439e-02 9.891779298541740761e-01 -1.887148781694353641e-02 0.000000000000000000e+00 0.000000000000000000e+00 0.000000000000000000e+00 1.000000000000000000e+00 -1.219923663363589483e+00 -1.733557136293132128e+00 -4.652920514190558299e-01 -5.172603042170693666e-01 1.194731861658073324e+00 -4.329875993580661886e-01
9.910415408060461173e-01 3.930654503898920599e-02 -1.276387872068331653e-01 -2.954861886915855287e-02 -2.767483838971311616e-02 9.954059488067557027e-01 9.165751701971168452e-02 8.258451967704739938e-02 1.306551483969600747e-01 -8.730402410703101690e-02 9.875764474793626846e-01 -2.192637923225543295e-02 0.000000000000000000e+00 0.000000000000000000e+00 0.000000000000000000e+00 1.000000000000000000e+00 -1.210272496196051373e+00 -1.713572666579202597e+00 -4.666534754517119854e-01 -5.290664716954459612e-01 1.197991202160713087e+00 -4.651049374948953430e-01
9.898236397678668030e-01 4.241185842937889028e-02 -1.358322366430153305e-01 -3.163733882422591764e-02 -2.918936879268007809e-02 9.947683375740001832e-01 9.789757574203007684e-02 8.840223538926333946e-02 1.392736263486865078e-01 -9.293647751797019796e-02 9.858831919646345865e-01 -2.520002727199838893e-02 0.000000000000000000e+00 0.000000000000000000e+00 0.000000000000000000e+00 1.000000000000000000e+00 -1.200679989925379276e+00 -1.694924790758453259e+00 -4.667810017347306384e-01 -5.415122771175246985e-01 1.201660679549409805e+00 -4.962729468458769722e-01
9.885421204468538559e-01 4.555163254973514098e-02 -1.439080434480311255e-01 -3.372483422158036037e-02 -3.065427847834618913e-02 9.940951971254141650e-01 1.040915668544360462e-01 9.421045249678022815e-02 1.477998356151061232e-01 -9.848750100217458503e-02 9.841013264857766396e-01 -2.869072328388850776e-02 0.000000000000000000e+00 0.000000000000000000e+00 0.000000000000000000e+00 1.000000000000000000e+00 -1.189324491623517499e+00 -1.676989602350299924e+00 -4.649070421646326889e-01 -5.545759694215929292e-01 1.205730657897224667e+00 -5.275318867753141516e-01
9.871995135726268078e-01 4.871755993385770006e-02 -1.518674417217683592e-01 -3.581145108774432678e-02 -3.206489107829742918e-02 9.933882589771004801e-01 1.102343399955104941e-01 1.000094464371829722e-01 1.562336815830094594e-01 -1.039536738684045114e-01 9.822345292675103146e-01 -3.239696795045557409e-02 0.000000000000000000e+00 0.000000000000000000e+00 0.000000000000000000e+00 1.000000000000000000e+00 -1.177984067452786832e+00 -1.658815197599968094e+00 -4.626084745161641587e-01 -5.682370390306292762e-01 1.210190393570784062e+00 -5.579149891878487644e-01
9.857979927900751838e-01 5.191104680004460237e-02 -1.597108660496005805e-01 -3.789710041199331747e-02 -3.342455531439213895e-02 9.926477748892363895e-01 1.163322575100802364e-01 1.057991774623965459e-01 1.645755650633872746e-01 -1.093418412969855563e-01 9.802852876518211023e-01 -3.632004383682130993e-02 0.000000000000000000e+00 0.000000000000000000e+00 0.000000000000000000e+00 1.000000000000000000e+00 -1.169506477905547071e+00 -1.641222507284240129e+00 -4.615363278081938136e-01 -5.824892759639406226e-01 1.215034440180169817e+00 -5.894947710845812594e-01
9.843394135504656139e-01 5.512915474258969079e-02 -1.674416176928001931e-01 -3.998201928454307025e-02 -3.473270836103213577e-02 9.918746939222199410e-01 1.223855814835389383e-01 1.115798444253126298e-01 1.728281169478139423e-01 -1.146532506537165652e-01 9.782561393477284817e-01 -4.045925393968266559e-02 0.000000000000000000e+00 0.000000000000000000e+00 0.000000000000000000e+00 1.000000000000000000e+00 -1.158542623556760187e+00 -1.624439453148321277e+00 -4.586240340278309735e-01 -5.973204465225427917e-01 1.220254066087158140e+00 -6.193695622547839008e-01
9.828270225307913499e-01 5.836781203945991953e-02 -1.750549696898066887e-01 -4.206698798056510841e-02 -3.598863494772482075e-02 9.910700425904002131e-01 1.283938817197358140e-01 1.173520428594485437e-01 1.809858062097735310e-01 -1.198889871064333507e-01 9.761509969212039950e-01 -4.481056867116220421e-02 0.000000000000000000e+00 0.000000000000000000e+00 0.000000000000000000e+00 1.000000000000000000e+00 -1.150263826398471245e+00 -1.604946474555236424e+00 -4.564674996774338300e-01 -6.127064288976338258e-01 1.225837272567166680e+00 -6.490567127124553526e-01
9.812641856073212043e-01 6.162354728173446983e-02 -1.825462587449433738e-01 -4.415232941719193088e-02 -3.719165710153980037e-02 9.902344020162370253e-01 1.343600005001925057e-01 1.231160374187292017e-01 1.890433251998984709e-01 -1.250534586340633636e-01 9.739734358566388694e-01 -4.937289677966159168e-02 0.000000000000000000e+00 0.000000000000000000e+00 0.000000000000000000e+00 1.000000000000000000e+00 -1.140820182568953900e+00 -1.586331894627358352e+00 -4.524868270180726904e-01 -6.286274537307457999e-01 1.231778189503069720e+00 -6.782242491826151465e-01
9.796519463984313392e-01 6.489888823803532936e-02 -1.899215583969943999e-01 -4.623809074013054965e-02 -3.834588868965243397e-02 9.893682435550984478e-01 1.402856781509609352e-01 1.288718911035031944e-01 1.970067431793977308e-01 -1.301484267400742356e-01 9.717251310095789130e-01 -5.414662111759458579e-02 0.000000000000000000e+00 0.000000000000000000e+00 0.000000000000000000e+00 1.000000000000000000e+00 -1.133453387615835251e+00 -1.569332005968055332e+00 -4.517596929593051258e-01 -6.450809682405495016e-01 1.238068249209667737e+00 -7.077852360655171315e-01
9.779911023256074865e-01 6.819386754458825473e-02 -1.971877286383204586e-01 -4.832456184303550450e-02 -3.945294836639915564e-02 9.884723153054864042e-01 1.461709504965722772e-01 1.346198475100911229e-01 2.048825731005959605e-01 -1.351742517539832045e-01 9.694075783602998930e-01 -5.913088498752173960e-02 0.000000000000000000e+00 0.000000000000000000e+00 0.000000000000000000e+00 1.000000000000000000e+00 -1.124183511244979172e+00 -1.553516921902784453e+00 -4.483083478679081857e-01 -6.620609539774514607e-01 1.244697705834682200e+00 -7.362955002621701661e-01
9.762845246880976768e-01 7.150167106443995613e-02 -2.043429421784211109e-01 -5.041242455530695055e-02 -4.050917853798830653e-02 9.875479548502462679e-01 1.520132999268909990e-01 1.403604414631569874e-01 2.126676595911911327e-01 -1.401304675645791142e-01 9.670242596273623814e-01 -6.432286479884766206e-02 0.000000000000000000e+00 0.000000000000000000e+00 0.000000000000000000e+00 1.000000000000000000e+00 -1.116098736401776703e+00 -1.535682313440589697e+00 -4.454625743827533291e-01 -6.795439765268124210e-01 1.251657290095148589e+00 -7.643712514938953984e-01
9.745346073094699468e-01 7.482740556635138207e-02 -2.113839129754351842e-01 -5.250164963496220527e-02 -4.152228296890587977e-02 9.865953816059024328e-01 1.578146160550202015e-01 1.460936822693720272e-01 2.203592505527499634e-01 -1.450186622623430843e-01 9.645783474548363934e-01 -6.972326745237056311e-02 0.000000000000000000e+00 0.000000000000000000e+00 0.000000000000000000e+00 1.000000000000000000e+00 -1.107905183837280205e+00 -1.518534428095116295e+00 -4.444127770827071000e-01 -6.975250517783543325e-01 1.258937809881594649e+00 -7.928428357051462427e-01
9.727426363252102970e-01 7.817761635204704962e-02 -2.183117585307173258e-01 -5.459287798754448862e-02 -4.250196003231679343e-02 9.856155019053087774e-01 1.635715923609729894e-01 1.518200808654536493e-01 2.279590906350175417e-01 -1.498343843725617186e-01 9.620729236121566830e-01 -7.532973689200936351e-02 0.000000000000000000e+00 0.000000000000000000e+00 0.000000000000000000e+00 1.000000000000000000e+00 -1.098688721322156336e+00 -1.501017165745609061e+00 -4.450264910549746045e-01 -7.160008557208765723e-01 1.266520118839057130e+00 -8.196061511338621486e-01
9.709097659326614282e-01 8.155576053122952362e-02 -2.251285954298135050e-01 -5.668686053856397677e-02 -4.345499991378725529e-02 9.846095913485328754e-01 1.692796964724514186e-01 1.575402321988560450e-01 2.354695087203600712e-01 -1.545723474111883322e-01 9.595110733980996010e-01 -8.113944622625421377e-02 0.000000000000000000e+00 0.000000000000000000e+00 0.000000000000000000e+00 1.000000000000000000e+00 -1.088808729073052151e+00 -1.484541806472354120e+00 -4.463239159108564058e-01 -7.349649939839144608e-01 1.274384581816347950e+00 -8.465600169145062193e-01
9.690369276282485567e-01 8.495263077200512769e-02 -2.318415052577256219e-01 -5.878377973910685339e-02 -4.437255153449123218e-02 9.835782714890940470e-01 1.749424492678300636e-01 1.632543089613381904e-01 2.428960882843670954e-01 -1.592382944377411236e-01 9.568932312322858680e-01 -8.715221380531829043e-02 0.000000000000000000e+00 0.000000000000000000e+00 0.000000000000000000e+00 1.000000000000000000e+00 -1.081053738845791035e+00 -1.469993843188496463e+00 -4.433468883887594636e-01 -7.544016936887930624e-01 1.282531818404333945e+00 -8.728906951910428980e-01
9.671261509816663215e-01 8.836561414555287042e-02 -2.384502599493089903e-01 -6.088406736331240104e-02 -4.525250866918670983e-02 9.825211648202066828e-01 1.805668052844677518e-01 1.689626722685300952e-01 2.502383237845060560e-01 -1.638404069616876957e-01 9.542206780701364410e-01 -9.336677763141983111e-02 0.000000000000000000e+00 0.000000000000000000e+00 0.000000000000000000e+00 1.000000000000000000e+00 -1.074204635525078944e+00 -1.453602989186641992e+00 -4.433356225468477185e-01 -7.742950040562823766e-01 1.290961428603244698e+00 -8.989317900870310574e-01
9.651794082725528856e-01 9.179848622796903113e-02 -2.449525421829296667e-01 -6.298847639679513999e-02 -4.610022757724440562e-02 9.814379721740935647e-01 1.861565895242509316e-01 1.746659295235230003e-01 2.574946193823079432e-01 -1.683821390103668603e-01 9.514956523045998704e-01 -9.978066418848839658e-02 0.000000000000000000e+00 0.000000000000000000e+00 0.000000000000000000e+00 1.000000000000000000e+00 -1.068223458405661130e+00 -1.438190360276002222e+00 -4.419364234278063130e-01 -7.946341799623579671e-01 1.299664305036490664e+00 -9.238189622046478755e-01
9.631998441966836966e-01 9.524810629099267345e-02 -2.513441038509701686e-01 -6.509774853915509252e-02 -4.691477667083106262e-02 9.803289099359951964e-01 1.917139329959693939e-01 1.803646830140497592e-01 2.646602803977509133e-01 -1.728670779200512930e-01 9.487211969054579752e-01 -1.063915165884410374e-01 0.000000000000000000e+00 0.000000000000000000e+00 0.000000000000000000e+00 1.000000000000000000e+00 -1.062509889019108922e+00 -1.420074573439055854e+00 -4.407684093753741483e-01 -8.153976643846524430e-01 1.308635793901417710e+00 -9.484479087360355720e-01
9.611887504605185484e-01 9.871239702742157229e-02 -2.576277330126497400e-01 -6.721208906967394980e-02 -4.769663886501102068e-02 9.791952496587620347e-01 1.972351229320872812e-01 1.860591309593158937e-01 2.717374040918066891e-01 -1.772922044427548138e-01 9.458997079872795144e-01 -1.131991256108277610e-01 0.000000000000000000e+00 0.000000000000000000e+00 0.000000000000000000e+00 1.000000000000000000e+00 -1.055149829575383835e+00 -1.405580497899563186e+00 -4.392951260290461346e-01 -8.365766629675629451e-01 1.317865896789746527e+00 -9.728204867429031122e-01
9.591469771461166305e-01 1.021899190860393464e-01 -2.638073100356185252e-01 -6.933154413897181512e-02 -4.844632113880911750e-02 9.780380237897352558e-01 2.027179765610609419e-01 1.917493511307768184e-01 2.787293137730092463e-01 -1.816558407989143364e-01 9.430329396471351933e-01 -1.202038428277211468e-01 0.000000000000000000e+00 0.000000000000000000e+00 0.000000000000000000e+00 1.000000000000000000e+00 -1.048639349004690358e+00 -1.388898429569436654e+00 -4.381573974311290809e-01 -8.581652077280962354e-01 1.327346118260534391e+00 -9.971691508944202642e-01
9.570767667230372089e-01 1.056817513444963524e-01 -2.698803997966831569e-01 -7.145709637738893727e-02 -4.916764734616548699e-02 9.768577923180220557e-01 2.081619467473966589e-01 1.974361425828268235e-01 2.856336906129282593e-01 -1.859575786528969710e-01 9.401240204587686389e-01 -1.274026642823088140e-01 0.000000000000000000e+00 0.000000000000000000e+00 0.000000000000000000e+00 1.000000000000000000e+00 -1.041266759004088271e+00 -1.373263064818522228e+00 -4.375695826329272786e-01 -8.801490495550724491e-01 1.337064250646758934e+00 -1.019838606232766454e+00
9.549786076399584545e-01 1.091846361409326283e-01 -2.758524503178554355e-01 -7.358933564227064517e-02 -4.985986555679248339e-02 9.756563440156805767e-01 2.135619165971338329e-01 2.031200048244796164e-01 2.924548733038502268e-01 -1.901930956985910803e-01 9.371748681796203684e-01 -1.347940017210433050e-01 0.000000000000000000e+00 0.000000000000000000e+00 0.000000000000000000e+00 1.000000000000000000e+00 -1.032702979209951577e+00 -1.358500207785716674e+00 -4.360765730806850371e-01 -9.025198065314269380e-01 1.347007025940353930e+00 -1.043078273261955680e+00
9.528532275422881836e-01 1.126966165333256886e-01 -2.817271721938873763e-01 -7.572881744935539006e-02 -5.052195253957005028e-02 9.744341962208515895e-01 2.189190023255346007e-01 2.088014169853491531e-01 2.991960214286705777e-01 -1.943642711416950775e-01 9.341864219658252422e-01 -1.423765210684957150e-01 0.000000000000000000e+00 0.000000000000000000e+00 0.000000000000000000e+00 1.000000000000000000e+00 -1.025842001687075733e+00 -1.344329521204610689e+00 -4.349452199164035027e-01 -9.252682431338925539e-01 1.357168347672510489e+00 -1.064740963924425188e+00
9.507009316508893138e-01 1.162149974599798463e-01 -2.875096747832072697e-01 -7.787625022505105521e-02 -5.115278985808893036e-02 9.731926148716869562e-01 2.242309668213874896e-01 2.144809774448961093e-01 3.058612934238432723e-01 -1.984696671140309121e-01 9.311598469348933982e-01 -1.501483440673579972e-01 0.000000000000000000e+00 0.000000000000000000e+00 0.000000000000000000e+00 1.000000000000000000e+00 -1.016393591838123278e+00 -1.331457737256854346e+00 -4.329999796876788931e-01 -9.483862015434907367e-01 1.367537849954559404e+00 -1.086726209883668304e+00
9.485249265686696019e-01 1.197391223017850170e-01 -2.931944856954613043e-01 -8.003231041830842496e-02 -5.175515708791635083e-02 9.719323566096005340e-01 2.294970542795735924e-01 2.201592659095722160e-01 3.124449832579427322e-01 -2.025093499220870230e-01 9.280991842240418066e-01 -1.581078270095009342e-01 0.000000000000000000e+00 0.000000000000000000e+00 0.000000000000000000e+00 1.000000000000000000e+00 -1.009463607268371810e+00 -1.314821265508829828e+00 -4.320131086427979605e-01 -9.718563807390727671e-01 1.378106198930390214e+00 -1.107235183510761667e+00
9.464706553255991528e-01 1.231374203118144883e-01 -2.983797495636838493e-01 -8.219762943867610361e-02 -5.244558557954009242e-02 9.707582983446910729e-01 2.342600843926851140e-01 2.258368275821078242e-01 3.185008003810406718e-01 -2.060715949598443120e-01 9.252522568678629433e-01 -1.662534497708034187e-01 0.000000000000000000e+00 0.000000000000000000e+00 0.000000000000000000e+00 1.000000000000000000e+00 -8.222670847816355710e-01 -1.109254035455964793e+00 -4.309440654837411455e-01 -9.951242228744825447e-01 1.388359438743023144e+00 -1.129215481882953620e+00
9.447302466187179615e-01 1.260883468862533940e-01 -3.026326008285278868e-01 -8.432725233017161759e-02 -5.302014227997955964e-02 9.696944392441717575e-01 2.384985521229025240e-01 2.314783815021211610e-01 3.235330383201606153e-01 -2.092711725321346472e-01 9.227848887947884826e-01 -1.747242469968395273e-01 0.000000000000000000e+00 0.000000000000000000e+00 0.000000000000000000e+00 1.000000000000000000e+00 -8.154608518830939179e-01 -9.060866629938310046e-01 -2.967303016366626967e-01 -1.017285960977099224e+00 1.398721897373485179e+00 -1.212058032488330994e+00
9.429800244493615757e-01 1.290382418818409038e-01 -3.068188508637900713e-01 -8.646746528027439427e-02 -5.357964041079675555e-02 9.686209011991865347e-01 2.426989332950893197e-01 2.371204687129795097e-01 3.285085955140900071e-01 -2.124210025192531937e-01 9.203039836882462854e-01 -1.833793166949763409e-01 0.000000000000000000e+00 0.000000000000000000e+00 0.000000000000000000e+00 1.000000000000000000e+00 -8.087049447828100757e-01 -1.087038737791469867e+00 -4.291878034135691022e-01 -1.039709949499678876e+00 1.409234509680583391e+00 -1.174500578933840744e+00
9.409853051427370385e-01 1.324772163147410198e-01 -3.114425215851845397e-01 -8.861756885755626978e-02 -5.465481726558527042e-02 9.676114665770533252e-01 2.464566929715993615e-01 2.427624330576651779e-01 3.340052517478921956e-01 -2.148902924974364914e-01 9.177486892176272004e-01 -1.922180056744228482e-01 0.000000000000000000e+00 0.000000000000000000e+00 0.000000000000000000e+00 1.000000000000000000e+00 -6.235529334517856404e-01 -1.074936213667275542e+00 -5.613871734712346795e-01 -1.063926470301236105e+00 1.418629774918267916e+00 -1.256677160928975079e+00
9.389319115906097357e-01 1.360877820264126681e-01 -3.160490192519953001e-01 -9.082605306108719467e-02 -5.604047853883296904e-02 9.666852018436437044e-01 2.497582553467844746e-01 2.484426793411883272e-01 3.395089570370994903e-01 -2.167944580106604957e-01 9.152780089319836332e-01 -2.011017611649008607e-01 0.000000000000000000e+00 0.000000000000000000e+00 0.000000000000000000e+00 1.000000000000000000e+00 -6.195850977726699016e-01 -1.062968767037107964e+00 -5.601426029724437816e-01 -1.088738173179291113e+00 1.427107613564788435e+00 -1.159377731266219458e+00
9.368173190855951793e-01 1.398640058902685668e-01 -3.206421246048237195e-01 -9.309177173939447991e-02 -5.773756745022952386e-02 9.658440767208259503e-01 2.526095684166967947e-01 2.541603515642497646e-01 3.450212830449954082e-01 -2.181359225166310534e-01 9.128948661495427386e-01 -2.100318833230516435e-01 0.000000000000000000e+00 0.000000000000000000e+00 0.000000000000000000e+00 1.000000000000000000e+00 -4.367867275031871444e-01 -1.051193353708042011e+00 -6.921202471466199047e-01 -1.114150911823772017e+00 1.434631536585688982e+00 -1.242605351398968105e+00
9.346866554827166773e-01 1.433459091174086875e-01 -3.252888071950758020e-01 -9.536912389554147440e-02 -5.942764976583523456e-02 9.652220747852020555e-01 2.545873177087728534e-01 2.598792053474537900e-01 3.504699878053973983e-01 -2.186282194370575693e-01 9.106989033640681130e-01 -2.191447024885261607e-01 0.000000000000000000e+00 0.000000000000000000e+00 0.000000000000000000e+00 1.000000000000000000e+00 -2.557749446864774345e-01 -1.039937803952539319e+00 -5.574703186369516228e-01 -1.139847373201608338e+00 1.441072729340920455e+00 -1.206702830603046506e+00
9.326372785138347110e-01 1.459059961869093314e-01 -3.299987103318299808e-01 -9.775510293768267800e-02 -6.047310222825244552e-02 9.648635622167922588e-01 2.556976965571137184e-01 2.656751846609903822e-01 3.557115580548364520e-01 -2.185171583747846369e-01 9.086911149612686422e-01 -2.281674586276903338e-01 0.000000000000000000e+00 0.000000000000000000e+00 0.000000000000000000e+00 1.000000000000000000e+00 -7.601954416001679982e-02 -1.029286689190111126e+00 -4.231246476987152727e-01 -1.164554996005668031e+00 1.447073176650340187e+00 -1.172271815461613409e+00
9.306739877315919340e-01 1.475422867680955263e-01 -3.347793364714751196e-01 -1.002506767354530148e-01 -6.088046573273152295e-02 9.647725419357841004e-01 2.559443558617840453e-01 2.715481702987564971e-01 3.607485265425413035e-01 -2.178192327026026165e-01 9.068711518558506546e-01 -2.371022805521185717e-01 0.000000000000000000e+00 0.000000000000000000e+00 0.000000000000000000e+00 1.000000000000000000e+00 1.024791511299247282e-01 -1.019055351843245472e+00 -2.890816591856314455e-01 -1.188273123414373966e+00 1.452708958277234119e+00 -1.139313697637111211e+00
9.286375358326038887e-01 1.484040281376055592e-01 -3.400126082434977715e-01 -1.027562518975416034e-01 -6.053261388571986451e-02 9.648348246247616666e-01 2.557920367532752759e-01 2.774212578931646855e-01 3.660165734546934058e-01 -2.169562348814794983e-01 9.049651175681020510e-01 -2.462221566527927064e-01 0.000000000000000000e+00 0.000000000000000000e+00 0.000000000000000000e+00 1.000000000000000000e+00 1.005473580289861640e-01 -1.200041068175750070e+00 -1.553248128031162467e-01 -1.211880512458728631e+00 1.458527825222523333e+00 -1.226000534204724435e+00
9.266407306229038632e-01 1.491069574540497544e-01 -3.451145816090491203e-01 -1.052226799272299035e-01 -5.987602120255952620e-02 9.648009245152977531e-01 2.560742874748521136e-01 2.832567164875371413e-01 3.711493246552368119e-01 -2.166247767210164876e-01 9.029517647539210268e-01 -2.556605112824836823e-01 0.000000000000000000e+00 0.000000000000000000e+00 0.000000000000000000e+00 1.000000000000000000e+00 -8.019198933947528640e-02 -9.970628707475513997e-01 -1.550170685361134670e-01 -1.235450723075387502e+00 1.465224903482803098e+00 -1.251306051252097706e+00
9.248018136811071432e-01 1.499628126008186457e-01 -3.496466260380176605e-01 -1.078050773383135708e-01 -5.935107245362860467e-02 9.646520988428272103e-01 2.567562676219417583e-01 2.891699564238101039e-01 3.757912430728596043e-01 -2.166967596231491322e-01 9.010124641497875286e-01 -2.650100726323367240e-01 0.000000000000000000e+00 0.000000000000000000e+00 0.000000000000000000e+00 1.000000000000000000e+00 -7.996729129559056182e-02 -9.870966866605783707e-01 -1.546926468669613808e-01 -1.258385485686518424e+00 1.472431063813430807e+00 -1.156735421747531634e+00
9.228382130893850732e-01 1.505094169742984545e-01 -3.545652986814724072e-01 -1.104505524853791748e-01 -5.838941459249996635e-02 9.645235763442359112e-01 2.574586367572095358e-01 2.951218910690775465e-01 3.807365386463111290e-01 -2.168898077623210019e-01 8.988873701860135013e-01 -2.744080565299465979e-01 0.000000000000000000e+00 0.000000000000000000e+00 0.000000000000000000e+00 1.000000000000000000e+00 -7.951722812073602764e-02 -1.168292529165087412e+00 -2.116757412598160859e-02 -1.281514837076411339e+00 1.480032950633388467e+00 -1.241452390080723056e+00
9.205736118304274074e-01 1.505876111058324363e-01 -3.603714753154723116e-01 -1.130553355782647762e-01 -5.687033908700657447e-02 9.645310736523090567e-01 2.577703930316466163e-01 3.010360688090673031e-01 3.864065128924415449e-01 -2.168021732235439480e-01 8.964858224637483053e-01 -2.841228046356888970e-01 0.000000000000000000e+00 0.000000000000000000e+00 0.000000000000000000e+00 1.000000000000000000e+00 1.002777012018784275e-01 -1.347711838058401668e+00 -2.112823688434637553e-02 -1.305780945070793564e+00 1.487500323854631823e+00 -1.264892322050022555e+00
9.181704479095961213e-01 1.500336391518221346e-01 -3.666782506296876187e-01 -1.157273220428259169e-01 -5.492387365354629847e-02 9.647877518807761454e-01 2.572313456932633358e-01 3.069899771173906222e-01 3.923600390042669139e-01 -2.160428294744771716e-01 8.940800306111893470e-01 -2.938839301254912995e-01 0.000000000000000000e+00 0.000000000000000000e+00 0.000000000000000000e+00 1.000000000000000000e+00 2.786105526143048960e-01 -1.334263097726209546e+00 1.120670749945205102e-01 -1.330265111035824122e+00 1.494258554957645480e+00 -1.228913130923458219e+00
9.159277989897741667e-01 1.493130862975064199e-01 -3.725343923621096676e-01 -1.185218577864346617e-01 -5.312389518090067375e-02 9.651561412790717887e-01 2.562254440148017953e-01 3.130217013036259988e-01 3.978116675317711626e-01 -2.148935282233358779e-01 8.919454325457462085e-01 -3.035586834603621886e-01 0.000000000000000000e+00 0.000000000000000000e+00 0.000000000000000000e+00 1.000000000000000000e+00 2.760545011285098771e-01 -1.129897930654927718e+00 -2.142014661279778576e-02 -1.354089462546375966e+00 1.500455753567363937e+00 -1.194410098324782732e+00
9.139335224254659940e-01 1.492008858817323314e-01 -3.774448527377161633e-01 -1.214402127076541771e-01 -5.223369944238649004e-02 9.654840497367855878e-01 2.551709112619623965e-01 3.191303941763294905e-01 4.024887100927025951e-01 -2.134939077676481223e-01 8.901815522314279194e-01 -3.131492087266470326e-01 0.000000000000000000e+00 0.000000000000000000e+00 0.000000000000000000e+00 1.000000000000000000e+00 2.729777802802160203e-01 -9.277002468668301693e-01 -1.546296913578237009e-01 -1.377710359810674579e+00 1.505737165888757945e+00 -1.161377968294442509e+00
9.122484245035257233e-01 1.495617817582860498e-01 -3.813582182204523496e-01 -1.244267084788028832e-01 -5.192547180782109556e-02 9.656753061617434630e-01 2.545092383675527370e-01 3.252771058243660307e-01 4.063330681722471249e-01 -2.123734450850439104e-01 8.887018422915077265e-01 -3.227904738305480969e-01 0.000000000000000000e+00 0.000000000000000000e+00 0.000000000000000000e+00 1.000000000000000000e+00 9.068169843325510349e-02 -7.275286099417034302e-01 -1.543491074970012589e-01 -1.400796508360502735e+00 1.511023094285573576e+00 -1.188876193794265346e+00
9.108802903717102550e-01 1.503958732401277365e-01 -3.842891925502142647e-01 -1.274825229035476404e-01 -5.219263326525599295e-02 9.657323480382949965e-01 2.542380087636766928e-01 3.314616656788937910e-01 4.093568504688762655e-01 -2.115233248918809705e-01 8.875161177798561729e-01 -3.324824604739416434e-01 0.000000000000000000e+00 0.000000000000000000e+00 0.000000000000000000e+00 1.000000000000000000e+00 8.926981216448363898e-02 -5.293188631891712070e-01 -2.872512693211982659e-01 -1.423338499448221661e+00 1.516304723381252550e+00 -1.156955706633553183e+00
9.096987620547822839e-01 1.510549617853428062e-01 -3.868211041223290070e-01 -1.306651596475221777e-01 -5.258785410085122652e-02 9.659009149787534110e-01 2.535151760266590171e-01 3.377218064383010754e-01 4.119255822824052227e-01 -2.102803485653185200e-01 8.866225223515421527e-01 -3.420930538860358916e-01 0.000000000000000000e+00 0.000000000000000000e+00 0.000000000000000000e+00 1.000000000000000000e+00 2.670514796444878880e-01 -5.241881974532077715e-01 -1.534946144957180236e-01 -1.445292136349631384e+00 1.521019635984602436e+00 -1.126625473367000252e+00
9.087567710638658758e-01 1.514110737920804917e-01 -3.888905039706904154e-01 -1.339168237752547119e-01 -5.278948798406633142e-02 9.660831549379850225e-01 2.527777927187648821e-01 3.440189776583966741e-01 4.139739204433524611e-01 -2.091841984445016733e-01 8.859275209578498789e-01 -3.517563193142805300e-01 0.000000000000000000e+00 0.000000000000000000e+00 0.000000000000000000e+00 1.000000000000000000e+00 8.504762743899604849e-02 -3.280275833179120415e-01 -1.532023392670967821e-01 -1.466236625920557035e+00 1.526138586830660948e+00 -1.156918950457114237e+00
9.078178119072098928e-01 1.517664644460535450e-01 -3.909395956611330103e-01 -1.371799697504748339e-01 -5.299603922985515053e-02 9.662625349097654359e-01 2.520478894644811452e-01 3.503152527191951138e-01 4.160026999467446585e-01 -2.080953114650623548e-01 8.852333611108064160e-01 -3.616043265849325783e-01 0.000000000000000000e+00 0.000000000000000000e+00 0.000000000000000000e+00 1.000000000000000000e+00 2.630632428296063030e-01 -5.159041942095824451e-01 -1.529103642170776267e-01 -1.487280768912647044e+00 1.531165015909960125e+00 -1.186852111594674852e+00
9.067457438390026381e-01 1.518203213049328926e-01 -3.933989741294534048e-01 -1.405137081224616946e-01 -5.276637184449157331e-02 9.664561082085173505e-01 2.513529519710319682e-01 3.566485369128086225e-01 4.183633256150962043e-01 -2.071549809507973738e-01 8.843409697314391638e-01 -3.715033814406422663e-01 0.000000000000000000e+00 0.000000000000000000e+00 0.000000000000000000e+00 1.000000000000000000e+00 8.117771469261009232e-02 -5.108321676574093528e-01 -1.942110222463686031e-02 -1.508415932382610070e+00 1.536623588370582327e+00 -1.156009628404530698e+00
9.058291675862744086e-01 1.511450902317891254e-01 -3.957634239032899459e-01 -1.439179249445531328e-01 -5.157776430885254587e-02 9.665872769767528405e-01 2.510951530972742596e-01 3.630185563887899924e-01 4.204916880479252494e-01 -2.070367190135703195e-01 8.833586737253746879e-01 -3.814539392988327005e-01 0.000000000000000000e+00 0.000000000000000000e+00 0.000000000000000000e+00 1.000000000000000000e+00 8.058587821813993635e-02 -5.057157104233901412e-01 2.470102774266148271e-01 -1.528049772467520606e+00 1.544092398093376284e+00 -1.184423746480884887e+00
9.050162604884556261e-01 1.498683804487590532e-01 -3.981018006041832091e-01 -1.472155035527857314e-01 -4.975371228849611444e-02 9.667506966989951600e-01 2.508339375741037158e-01 3.693126800106106278e-01 4.224572673164376235e-01 -2.072017478347876474e-01 8.823816080184048172e-01 -3.918518416925899639e-01 0.000000000000000000e+00 0.000000000000000000e+00 0.000000000000000000e+00 1.000000000000000000e+00 8.024730897788460993e-02 -5.006113580053468404e-01 2.465092649965160143e-01 -1.546903278263609849e+00 1.552545911847859506e+00 -1.331900307992674781e+00
9.042056947186217775e-01 1.485946788961828302e-01 -4.004143977101051743e-01 -1.502890609017486778e-01 -4.793890842545015657e-02 9.669112176944804071e-01 2.505684813558805013e-01 3.754572270125633437e-01 4.243983141410936910e-01 -2.073700167096056424e-01 8.814100954196730786e-01 -4.029559158005294739e-01 0.000000000000000000e+00 0.000000000000000000e+00 0.000000000000000000e+00 1.000000000000000000e+00 7.990650236707805276e-02 -4.955582467727809859e-01 2.460093604472866069e-01 -1.566141424032241547e+00 1.560953738918877010e+00 -1.477854292854872797e+00
9.033969385072788683e-01 1.473280414008299732e-01 -4.027014111774393501e-01 -1.532600437813251282e-01 -4.613904975053301910e-02 9.670693373813560312e-01 2.502960057181544129e-01 3.815289801105494760e-01 4.263158054039148936e-01 -2.075363829341131117e-01 8.804450539388478658e-01 -4.144956894265007241e-01 0.000000000000000000e+00 0.000000000000000000e+00 0.000000000000000000e+00 1.000000000000000000e+00 8.075851053125851498e-02 -4.903225227412845166e-01 2.431880959065741699e-01 -1.585612741823692939e+00 1.569327648611316350e+00 -1.502930538511289660e+00
9.024449074145581839e-01 1.457675860841019799e-01 -4.053948780141222175e-01 -1.561889227102475630e-01 -4.391221196329384707e-02 9.672399037885355266e-01 2.500373811869862628e-01 3.875662103817868465e-01 4.285614465727702882e-01 -2.078431733970238782e-01 8.792817019052842076e-01 -4.263361714168972250e-01 0.000000000000000000e+00 0.000000000000000000e+00 0.000000000000000000e+00 1.000000000000000000e+00 8.063705558999348377e-02 -6.763958039374347031e-01 3.758935877007834048e-01 -1.605462711276216758e+00 1.578213845461450937e+00 -1.586617859123003793e+00
9.011999573445168554e-01 1.436094658668984336e-01 -4.089192655122603215e-01 -1.590161375120979492e-01 -4.081325371651777639e-02 9.674345328629506691e-01 2.498093451254341790e-01 3.935322920672625902e-01 4.314776035642411967e-01 -2.084388431424467614e-01 8.777131286229956642e-01 -4.386057737223051922e-01 0.000000000000000000e+00 0.000000000000000000e+00 0.000000000000000000e+00 1.000000000000000000e+00 8.111092258318786108e-02 -8.605783287005749349e-01 5.083311467357871649e-01 -1.626081645087279703e+00 1.588171057983799095e+00 -1.667864000266809477e+00
8.999527740390554920e-01 1.414556376548558592e-01 -4.124018852447170480e-01 -1.618650427049078133e-01 -3.772939205277282132e-02 9.676227924010399883e-01 2.495648827876525144e-01 3.995029050950915095e-01 4.343518218235155604e-01 -2.090369336526824717e-01 8.761518507210126483e-01 -4.510381499349329082e-01 0.000000000000000000e+00 0.000000000000000000e+00 0.000000000000000000e+00 1.000000000000000000e+00 8.156362900938937677e-02 -6.608412689504600257e-01 3.741039608765475144e-01 -1.646802847617899968e+00 1.598162443319084636e+00 -1.628821004539094730e+00
8.989012676619676512e-01 1.394922298681525452e-01 -4.153533876984267237e-01 -1.648586784773435343e-01 -3.477829284826883943e-02 9.676925373728750834e-01 2.497231066293372770e-01 4.055526398125453569e-01 4.367688050138125999e-01 -2.100311328579909098e-01 8.747113494945815138e-01 -4.633710768658776957e-01 0.000000000000000000e+00 0.000000000000000000e+00 0.000000000000000000e+00 1.000000000000000000e+00 -9.727055817905852497e-02 -6.542861317645364272e-01 5.065575516919795795e-01 -1.666615311444400893e+00 1.608939732474167217e+00 -1.590153700441823137e+00
8.978947337301910192e-01 1.374194313725646821e-01 -4.182116149648921755e-01 -1.680594414841698747e-01 -3.151586912279924491e-02 9.676561918863646472e-01 2.502963260274003177e-01 4.117183719236769401e-01 4.390806359132805592e-01 -2.115594479819989382e-01 8.731842908993833197e-01 -4.754759439958601286e-01 0.000000000000000000e+00 0.000000000000000000e+00 0.000000000000000000e+00 1.000000000000000000e+00 -9.507323755230158435e-02 -6.479534291622320863e-01 5.055570333285707152e-01 -1.685673052209860634e+00 1.621031407641106981e+00 -1.491380508366087154e+00
